# unix_time, cycles_done, cur_path, paths_total, pending_total, pending_favs, map_size, unique_crashes, unique_hangs, max_depth, execs_per_sec
1507477968, 0, 0, 280, 280, 87, 5.97%, 0, 0, 1, 108.92
1507477973, 0, 5, 280, 280, 87, 5.97%, 0, 0, 1, 191.17
1507477988, 0, 5, 281, 281, 87, 5.97%, 0, 0, 2, 203.36
1507477998, 0, 5, 281, 280, 86, 5.97%, 0, 0, 2, 189.29
1507478003, 0, 5, 301, 300, 86, 5.98%, 0, 0, 2, 125.45
1507478009, 0, 5, 303, 302, 86, 5.98%, 0, 0, 2, 106.09
1507478014, 0, 5, 328, 327, 86, 5.98%, 0, 0, 2, 107.81
1507478019, 0, 9, 328, 327, 90, 5.98%, 0, 0, 2, 144.74
1507486949, 0, 11, 328, 326, 89, 5.98%, 0, 0, 2, 179.04
1507486959, 0, 11, 329, 327, 89, 5.98%, 0, 0, 2, 180.20
1507486964, 0, 11, 332, 330, 89, 5.98%, 0, 0, 2, 179.01
1507486969, 0, 11, 333, 331, 89, 5.98%, 0, 0, 2, 178.00
1507489925, 0, 11, 334, 332, 89, 5.98%, 0, 0, 2, 183.54
1507489930, 0, 11, 337, 335, 89, 5.98%, 0, 0, 2, 165.66
1507492918, 0, 11, 338, 336, 89, 5.98%, 0, 0, 2, 186.34
1507492923, 0, 11, 339, 337, 89, 5.98%, 0, 0, 2, 178.47
1507492928, 0, 11, 341, 339, 89, 5.99%, 0, 0, 2, 183.19
1507492933, 0, 11, 342, 340, 89, 5.99%, 0, 0, 2, 179.79
1507496253, 0, 11, 343, 341, 89, 5.99%, 0, 0, 2, 176.61
1507496580, 0, 11, 344, 342, 89, 5.99%, 0, 0, 2, 177.67
1507496738, 0, 11, 345, 343, 89, 5.99%, 0, 0, 2, 172.77
1507496768, 0, 12, 345, 342, 91, 5.99%, 0, 0, 2, 173.67
1507506400, 0, 12, 346, 343, 91, 5.99%, 0, 0, 2, 173.16
1507506492, 0, 12, 348, 345, 91, 5.99%, 0, 0, 2, 168.02
1507506518, 0, 12, 349, 346, 91, 5.99%, 0, 0, 2, 174.28
1507506543, 0, 15, 349, 345, 90, 5.99%, 0, 0, 2, 172.36
1507506823, 0, 15, 350, 346, 90, 5.99%, 0, 0, 2, 181.35
1507506833, 0, 16, 350, 345, 89, 5.99%, 0, 0, 2, 185.94
1507507160, 0, 16, 378, 372, 88, 5.99%, 0, 0, 2, 157.83
1507507165, 0, 16, 442, 436, 88, 6.00%, 0, 0, 2, 126.15
1507507170, 0, 16, 511, 505, 88, 6.00%, 0, 0, 2, 26.09
1507507175, 0, 16, 578, 572, 88, 6.01%, 0, 0, 2, 102.67
1507507180, 0, 16, 640, 634, 88, 6.05%, 0, 0, 2, 105.70
1507507185, 0, 16, 708, 702, 88, 6.45%, 0, 0, 2, 106.87
1507507190, 0, 16, 809, 803, 88, 6.73%, 0, 0, 2, 163.76
1507507195, 0, 16, 906, 900, 88, 6.82%, 0, 0, 2, 167.46
1507507200, 0, 16, 979, 973, 88, 6.86%, 0, 0, 2, 167.35
1507507206, 0, 16, 1063, 1057, 88, 6.88%, 0, 0, 2, 160.54
1507507211, 0, 16, 1120, 1114, 88, 6.88%, 0, 0, 2, 154.11
1507507216, 0, 16, 1121, 1115, 88, 6.91%, 0, 0, 2, 152.45
1507507236, 0, 19, 1121, 1115, 158, 6.91%, 0, 0, 2, 155.46
1507507430, 0, 21, 1121, 1114, 157, 6.91%, 0, 0, 2, 174.02
1507507579, 0, 22, 1121, 1113, 156, 6.91%, 0, 0, 2, 179.11
1507507594, 0, 22, 1122, 1114, 156, 6.91%, 0, 0, 2, 24.50
1507512547, 0, 26, 1122, 1113, 155, 6.91%, 0, 0, 2, 169.95
1507512608, 0, 28, 1122, 1112, 154, 6.91%, 0, 0, 2, 183.85
1507512960, 0, 28, 1136, 1125, 153, 6.92%, 0, 0, 2, 181.07
1507512965, 0, 35, 1186, 1175, 154, 6.92%, 0, 0, 2, 165.44
1507513597, 0, 36, 1186, 1174, 153, 6.92%, 0, 0, 2, 174.62
1507513704, 0, 51, 1186, 1173, 152, 6.92%, 0, 0, 2, 170.13
1507514457, 0, 60, 1186, 1172, 151, 6.92%, 0, 0, 2, 176.39
1507514580, 0, 63, 1186, 1171, 150, 6.92%, 0, 0, 2, 189.28
1507515069, 0, 64, 1199, 1183, 149, 6.92%, 0, 0, 2, 158.71
1507548835, 0, 83, 1199, 1182, 149, 6.92%, 0, 0, 2, 137.93
1507553655, 0, 83, 1200, 1183, 149, 6.92%, 0, 0, 2, 174.89
1507555608, 0, 83, 1201, 1184, 149, 6.92%, 0, 0, 2, 181.98
1507556110, 0, 86, 1201, 1183, 148, 6.92%, 0, 0, 2, 166.86
1507556176, 0, 88, 1201, 1182, 146, 6.92%, 0, 0, 2, 170.79
1507556253, 0, 88, 1202, 1183, 146, 6.92%, 0, 0, 2, 166.50
1507557344, 0, 96, 1202, 1182, 146, 6.92%, 0, 0, 2, 177.54
1507557369, 0, 96, 1264, 1243, 145, 6.95%, 0, 0, 2, 20.83
1507557374, 0, 96, 1307, 1286, 145, 6.97%, 0, 0, 2, 22.33
1507557379, 0, 96, 1362, 1341, 145, 6.98%, 0, 0, 2, 113.90
1507557389, 0, 110, 1362, 1341, 147, 6.98%, 0, 0, 2, 160.38
1507557884, 0, 111, 1362, 1340, 146, 6.98%, 0, 0, 2, 154.62
1507574620, 0, 113, 1362, 1339, 145, 6.98%, 0, 0, 2, 103.41
1507605008, 0, 114, 1362, 1338, 144, 6.98%, 0, 0, 2, 106.48
1507622529, 0, 117, 1362, 1337, 143, 6.98%, 0, 0, 2, 138.50
1507622550, 0, 117, 1372, 1346, 142, 6.98%, 0, 0, 2, 165.17
1507622555, 0, 117, 1457, 1431, 142, 6.99%, 0, 0, 2, 151.72
1507622560, 0, 117, 1499, 1473, 142, 6.99%, 0, 0, 2, 142.91
1507622565, 0, 119, 1499, 1473, 143, 6.99%, 0, 0, 2, 142.72
1507625180, 0, 127, 1499, 1472, 142, 6.99%, 0, 0, 2, 158.63
1507627116, 0, 135, 1499, 1471, 141, 6.99%, 0, 0, 2, 165.03
1507627377, 0, 141, 1499, 1470, 140, 6.99%, 0, 0, 2, 164.98
1507627622, 0, 145, 1499, 1469, 139, 6.99%, 0, 0, 2, 169.54
1507627817, 0, 158, 1507, 1476, 140, 7.00%, 0, 0, 2, 146.75
1507630402, 0, 162, 1507, 1475, 139, 7.00%, 0, 0, 2, 162.13
1507630946, 0, 165, 1507, 1474, 138, 7.00%, 0, 0, 2, 157.55
1507632006, 0, 167, 1507, 1473, 137, 7.00%, 0, 0, 2, 165.32
1507632148, 0, 171, 1507, 1472, 136, 7.00%, 0, 0, 2, 155.89
1507633080, 0, 176, 1511, 1475, 135, 7.00%, 0, 0, 2, 164.79
1507633213, 0, 179, 1511, 1474, 134, 7.00%, 0, 0, 2, 171.54
1507633387, 0, 180, 1511, 1473, 133, 7.00%, 0, 0, 2, 168.20
1507633520, 0, 203, 1511, 1472, 132, 7.00%, 0, 0, 2, 168.72
1507633729, 0, 205, 1511, 1471, 131, 7.00%, 0, 0, 2, 155.94
1507634749, 0, 207, 1512, 1471, 130, 7.00%, 0, 0, 2, 163.83
1507634886, 0, 217, 1512, 1470, 129, 7.00%, 0, 0, 2, 165.94
1507635023, 0, 219, 1512, 1469, 128, 7.00%, 0, 0, 2, 165.16
1507635226, 0, 223, 1512, 1468, 127, 7.00%, 0, 0, 2, 168.97
1507635487, 0, 225, 1512, 1467, 126, 7.00%, 0, 0, 2, 174.80
1507635614, 0, 226, 1514, 1468, 125, 7.00%, 0, 0, 2, 156.33
1507636477, 0, 240, 1514, 1467, 124, 7.00%, 0, 0, 2, 165.29
1507638817, 0, 241, 1514, 1466, 123, 7.00%, 0, 0, 2, 144.70
1507641153, 0, 246, 1514, 1465, 122, 7.00%, 0, 0, 2, 162.07
1507641322, 0, 252, 1514, 1464, 121, 7.00%, 0, 0, 2, 158.88
1507644161, 0, 256, 1516, 1465, 120, 7.00%, 0, 0, 2, 158.03
1507644375, 0, 257, 1516, 1464, 119, 7.00%, 0, 0, 2, 159.83
1507646379, 0, 258, 1516, 1463, 118, 7.00%, 0, 0, 2, 166.19
1507646731, 0, 259, 1516, 1462, 117, 7.00%, 0, 0, 2, 166.10
1507649579, 0, 260, 1516, 1461, 116, 7.00%, 0, 0, 2, 151.62
1507652405, 0, 263, 1523, 1467, 115, 7.01%, 0, 0, 2, 141.21
1507656973, 0, 267, 1523, 1466, 114, 7.01%, 0, 0, 2, 151.20
1507658333, 0, 274, 1523, 1465, 113, 7.01%, 0, 0, 2, 143.70
1507660141, 0, 280, 1523, 1464, 112, 7.01%, 0, 0, 2, 125.78
1507660166, 0, 295, 1523, 1463, 111, 7.01%, 0, 0, 2, 164.87
1507661772, 0, 297, 1529, 1468, 111, 7.01%, 0, 0, 2, 159.06
1507665982, 0, 313, 1529, 1467, 110, 7.01%, 0, 0, 2, 149.36
1507682750, 0, 337, 1529, 1466, 110, 7.01%, 0, 0, 2, 133.04
1507692653, 0, 339, 1529, 1465, 109, 7.01%, 0, 0, 2, 166.76
1507703359, 0, 340, 1529, 1464, 108, 7.01%, 0, 0, 2, 163.38
1507714082, 0, 340, 1544, 1478, 107, 7.01%, 0, 0, 2, 158.73
1507714087, 0, 348, 1544, 1478, 107, 7.01%, 0, 0, 2, 158.30
1507724639, 0, 357, 1544, 1477, 106, 7.01%, 0, 0, 2, 152.99
1507726925, 0, 370, 1544, 1476, 105, 7.01%, 0, 0, 2, 146.31
